ישראל: (ישראל,1.0),(כנסת,0.09283185005187988),(ממשלה,0.3601195514202118),(חבר,0.129458487033844),(שלום,0.3924756646156311),(שולחן,0.1486438810825348)
כנסת: (ישראל,0.09283185005187988),(כנסת,1.0),(ממשלה,0.44352465867996216),(חבר,0.22537826001644135),(שלום,0.41504377126693726),(שולחן,0.1822606772184372)
ממשלה: (ישראל,0.3601195514202118),(כנסת,0.44352465867996216),(ממשלה,1.0),(חבר,0.22041833400726318),(שלום,0.31247085332870483),(שולחן,0.2611592710018158)
חבר: (ישראל,0.129458487033844),(כנסת,0.22537826001644135),(ממשלה,0.22041833400726318),(חבר,1.0),(שלום,0.581861138343811),(שולחן,0.6162489652633667)
שלום: (ישראל,0.3924756646156311),(כנסת,0.41504377126693726),(ממשלה,0.31247085332870483),(חבר,0.581861138343811),(שלום,1.0),(שולחן,0.3008726239204407)
שולחן: (ישראל,0.1486438810825348),(כנסת,0.1822606772184372),(ממשלה,0.2611592710018158),(חבר,0.6162489652633667),(שלום,0.3008726239204407),(שולחן,1.0)