ישראל: (ישראל,0.9999999403953552),(כנסת,0.11721046268939972),(ממשלה,0.3935275673866272),(חבר,0.08438344299793243),(שלום,0.37252214550971985),(שולחן,0.09953677654266357)
כנסת: (ישראל,0.11721046268939972),(כנסת,0.9999999403953552),(ממשלה,0.4523324966430664),(חבר,0.22623348236083984),(שלום,0.4252460300922394),(שולחן,0.23203295469284058)
ממשלה: (ישראל,0.3935275673866272),(כנסת,0.4523324966430664),(ממשלה,1.0),(חבר,0.18306148052215576),(שלום,0.30447089672088623),(שולחן,0.23895156383514404)
חבר: (ישראל,0.08438344299793243),(כנסת,0.22623348236083984),(ממשלה,0.18306148052215576),(חבר,1.0),(שלום,0.5479722619056702),(שולחן,0.6516565084457397)
שלום: (ישראל,0.37252214550971985),(כנסת,0.4252460300922394),(ממשלה,0.30447089672088623),(חבר,0.5479722619056702),(שלום,1.0),(שולחן,0.28298771381378174)
שולחן: (ישראל,0.09953677654266357),(כנסת,0.23203295469284058),(ממשלה,0.23895156383514404),(חבר,0.6516565084457397),(שלום,0.28298771381378174),(שולחן,1.0)