ישראל: (ישראל,1.0),(כנסת,0.1024501621723175),(ממשלה,0.3082925081253052),(חבר,0.17302784323692322),(שלום,0.3522505462169647),(שולחן,0.12944860756397247)
כנסת: (ישראל,0.1024501621723175),(כנסת,1.0),(ממשלה,0.4408833384513855),(חבר,0.2250547558069229),(שלום,0.39510399103164673),(שולחן,0.2662465572357178)
ממשלה: (ישראל,0.3082925081253052),(כנסת,0.4408833384513855),(ממשלה,1.0),(חבר,0.19506758451461792),(שלום,0.28633975982666016),(שולחן,0.22140231728553772)
חבר: (ישראל,0.17302784323692322),(כנסת,0.2250547558069229),(ממשלה,0.19506758451461792),(חבר,1.0),(שלום,0.5665655136108398),(שולחן,0.6321290731430054)
שלום: (ישראל,0.3522505462169647),(כנסת,0.39510399103164673),(ממשלה,0.28633975982666016),(חבר,0.5665655136108398),(שלום,1.0),(שולחן,0.2944645881652832)
שולחן: (ישראל,0.12944860756397247),(כנסת,0.2662465572357178),(ממשלה,0.22140231728553772),(חבר,0.6321290731430054),(שלום,0.2944645881652832),(שולחן,1.0)