ישראל: (ישראל,1.0),(כנסת,0.10716581344604492),(ממשלה,0.32275211811065674),(חבר,0.14187005162239075),(שלום,0.38636162877082825),(שולחן,0.09036901593208313)
כנסת: (ישראל,0.10716581344604492),(כנסת,1.0),(ממשלה,0.4794853925704956),(חבר,0.19756850600242615),(שלום,0.3684203624725342),(שולחן,0.1672699898481369)
ממשלה: (ישראל,0.32275211811065674),(כנסת,0.4794853925704956),(ממשלה,1.0),(חבר,0.19517433643341064),(שלום,0.2850290834903717),(שולחן,0.263683557510376)
חבר: (ישראל,0.14187005162239075),(כנסת,0.19756850600242615),(ממשלה,0.19517433643341064),(חבר,1.0),(שלום,0.5714167356491089),(שולחן,0.6156909465789795)
שלום: (ישראל,0.38636162877082825),(כנסת,0.3684203624725342),(ממשלה,0.2850290834903717),(חבר,0.5714167356491089),(שלום,1.0),(שולחן,0.27033817768096924)
שולחן: (ישראל,0.09036901593208313),(כנסת,0.1672699898481369),(ממשלה,0.263683557510376),(חבר,0.6156909465789795),(שלום,0.27033817768096924),(שולחן,1.0)