ישראל: (ישראל,1.0),(כנסת,0.11689287424087524),(ממשלה,0.3503608703613281),(חבר,0.1303328424692154),(שלום,0.39362797141075134),(שולחן,0.09980949014425278)
כנסת: (ישראל,0.11689287424087524),(כנסת,1.0),(ממשלה,0.47005608677864075),(חבר,0.22008179128170013),(שלום,0.3962714672088623),(שולחן,0.2311531901359558)
ממשלה: (ישראל,0.3503608703613281),(כנסת,0.47005608677864075),(ממשלה,1.0),(חבר,0.2164342701435089),(שלום,0.3211432695388794),(שולחן,0.2289339303970337)
חבר: (ישראל,0.1303328424692154),(כנסת,0.22008179128170013),(ממשלה,0.2164342701435089),(חבר,1.0),(שלום,0.5598057508468628),(שולחן,0.6376320719718933)
שלום: (ישראל,0.39362797141075134),(כנסת,0.3962714672088623),(ממשלה,0.3211432695388794),(חבר,0.5598057508468628),(שלום,1.0),(שולחן,0.3175901770591736)
שולחן: (ישראל,0.09980949014425278),(כנסת,0.2311531901359558),(ממשלה,0.2289339303970337),(חבר,0.6376320719718933),(שלום,0.3175901770591736),(שולחן,1.0)