ישראל: (ישראל,1.0),(כנסת,0.11502595245838165),(ממשלה,0.34686315059661865),(חבר,0.1365085244178772),(שלום,0.41935503482818604),(שולחן,0.12687678635120392)
כנסת: (ישראל,0.11502595245838165),(כנסת,1.0),(ממשלה,0.41395097970962524),(חבר,0.25759124755859375),(שלום,0.419292151927948),(שולחן,0.19460345804691315)
ממשלה: (ישראל,0.34686315059661865),(כנסת,0.41395097970962524),(ממשלה,1.0),(חבר,0.24097475409507751),(שלום,0.28869569301605225),(שולחן,0.2674463987350464)
חבר: (ישראל,0.1365085244178772),(כנסת,0.25759124755859375),(ממשלה,0.24097475409507751),(חבר,1.0),(שלום,0.5935635566711426),(שולחן,0.6258455514907837)
שלום: (ישראל,0.41935503482818604),(כנסת,0.419292151927948),(ממשלה,0.28869569301605225),(חבר,0.5935635566711426),(שלום,1.0),(שולחן,0.30688562989234924)
שולחן: (ישראל,0.12687678635120392),(כנסת,0.19460345804691315),(ממשלה,0.2674463987350464),(חבר,0.6258455514907837),(שלום,0.30688562989234924),(שולחן,1.0)