ישראל: (ישראל,0.9999999403953552),(כנסת,0.11983340978622437),(ממשלה,0.36749932169914246),(חבר,0.11951610445976257),(שלום,0.4156709611415863),(שולחן,0.12056410312652588)
כנסת: (ישראל,0.11983340978622437),(כנסת,1.0),(ממשלה,0.42615026235580444),(חבר,0.24011409282684326),(שלום,0.42561888694763184),(שולחן,0.19604599475860596)
ממשלה: (ישראל,0.36749932169914246),(כנסת,0.42615026235580444),(ממשלה,1.0),(חבר,0.23981037735939026),(שלום,0.31336355209350586),(שולחן,0.20909734070301056)
חבר: (ישראל,0.11951610445976257),(כנסת,0.24011409282684326),(ממשלה,0.23981037735939026),(חבר,1.0),(שלום,0.5978622436523438),(שולחן,0.6487192511558533)
שלום: (ישראל,0.4156709611415863),(כנסת,0.42561888694763184),(ממשלה,0.31336355209350586),(חבר,0.5978622436523438),(שלום,1.0),(שולחן,0.3433522582054138)
שולחן: (ישראל,0.12056410312652588),(כנסת,0.19604599475860596),(ממשלה,0.20909734070301056),(חבר,0.6487192511558533),(שלום,0.3433522582054138),(שולחן,0.9999999403953552)