ישראל: (ישראל,1.0),(כנסת,0.1535310000181198),(ממשלה,0.32253989577293396),(חבר,0.10498956590890884),(שלום,0.4442090094089508),(שולחן,0.12465047836303711)
כנסת: (ישראל,0.1535310000181198),(כנסת,1.0),(ממשלה,0.44748765230178833),(חבר,0.24262717366218567),(שלום,0.44256898760795593),(שולחן,0.2404656559228897)
ממשלה: (ישראל,0.32253989577293396),(כנסת,0.44748765230178833),(ממשלה,1.0),(חבר,0.21332815289497375),(שלום,0.321691632270813),(שולחן,0.2536165714263916)
חבר: (ישראל,0.10498956590890884),(כנסת,0.24262717366218567),(ממשלה,0.21332815289497375),(חבר,1.0),(שלום,0.5296952724456787),(שולחן,0.6569780111312866)
שלום: (ישראל,0.4442090094089508),(כנסת,0.44256898760795593),(ממשלה,0.321691632270813),(חבר,0.5296952724456787),(שלום,1.0),(שולחן,0.29752564430236816)
שולחן: (ישראל,0.12465047836303711),(כנסת,0.2404656559228897),(ממשלה,0.2536165714263916),(חבר,0.6569780111312866),(שלום,0.29752564430236816),(שולחן,1.0)